

























































































































































14051,11001
14052,11001
14053,11001

14055,11001


























110012,11001
110013,11001

110182,11018
110022,11002
110023,11002
110032,11003
110033,11003
110042,11004
110043,11004

110052,11005
110053,11005

110062,11006
110063,11006

110072,11007
110073,11007
110082,11008
110083,11008
110092,11009
110093,11009
110112,11011
110113,11011

110122,11012
110123,11012

110142,11014
110143,11014

120012,12001
120013,12001

120032,12003
120033,12003

120042,12004
120043,12004
120052,12005
120053,12005
120062,12006
120063,12006
120082,12008
120083,12008

120092,12009
120093,12009
120102,12010
120103,12010
120122,12012
120123,12012
120162,12016
120163,12016
120192,12019
130022,13002
130023,13002
130032,13003
130033,13003
130042,13004
130043,13004

130052,13005
130053,13005

130062,13006
130063,13006
130072,13007
130073,13007
130082,13008
130083,13008
130092,13009
130093,13009

130102,13010
130103,13010

130142,13014
130143,13014
140022,14002
140023,14002
140032,14003
140033,14003
140052,14005
140053,14005
140062,14006
140063,14006
140072,14007
140073,14007
140092,14009
140093,14009

140152,14015
140153,14015
140162,14016
140163,14016

140172,14017
140173,14017

140182,14018
140183,14018

140192,14019
140193,14019

140232,14023
140233,14023

























